3
1 1 2 0 2
1 1 2 3 4
2 0 2 3 1
---------------------
4
0 0 2 0 1
0 0 1 2 3
2 0 1 2 1
1 2 3 2 0.5
--------------------
9
0 0 2 2 4
0 0 4 0 4
4 0 2 2 5
6 2 4 0 1
6 2 2 2 7
6 2 8 2 3
8 2 9 3 3
8 2 9 2 2
9 3 9 2 10
---------------------
not connected example:
8
0 0 2 2 4
0 0 4 0 4
4 0 2 2 5
6 2 4 0 1
6 2 2 2 7
8 2 9 3 3
8 2 9 2 2
9 3 9 2 10
-----------------
overlapping example:
9
0 0 2 2 4
2 2 0 0 4
4 0 2 2 5
6 2 4 0 1
6 2 2 2 7
6 2 8 2 3
8 2 9 3 3
8 2 9 2 2
9 3 9 2 10
---------------------
with diagonal
3
1 1 2 2 1
2 1 1 2 2
1 2 2 2 3
----------------------
example from sheet
16
-3 -1 -2 -1 1
-1 -2 -2 -1 1
-2 -1 -1 0 1
-1 0 0 0 1
0 0 0 1 1
0 0 1 0 1
0 1 -1 1 1
-1 1 -1 2 1
-1 2 0 3 1
0 3 1 3 1
1 3 2 2 1
2 2 2 1 1
2 1 1 1 5
1 1 2 0 1
2 1 1 0 1.5
2 0 1 0 1
-------------------
tosho example
19
-2 -2 -2 -1 3
-2 -1 -1 -2 1
-2 -1 -1 -1 2
-2 -1 -1 0 5
-2 -1 -2 0 2
-1 -2 0 -1 5
-1 -2 -1 -1 1
-1 -1 0 -1 4
-2 0 -1 1 10
-2 0 -2 1 1
-2 1 -1 0 8
-2 1 -1 1 1
-2 1 -1 2 6
-1 2 -1 1 3
-1 2 0 2 6
-1 1 -2 2 5
-1 1 0 2 8
0 2 0 3 3
-1 0 -1 1 1

